285 269
299 189
301 191
319 185
341 183
327 189
325 189
321 189
319 187
325 185
325 171
315 171
323 173
321 179
321 175
327 173
329 175
319 177
325 175
269 305
347 169
345 167
343 169
347 169
339 175
339 175
343 181
337 185
345 177
335 177
335 183
331 185
331 189
335 189
333 191
337 193
347 191
345 191
351 187
343 189
325 199
319 201
317 203
315 201
317 203
321 205
315 203
289 211
293 209
293 209
291 217
287 225
289 221
287 223
289 225
287 223
147 197
277 223
279 219
285 215
289 215
285 215
287 219
287 215
275 219
275 217
273 217
243 247
237 231
259 233
275 227
279 233
273 229
271 231
271 231
271 233
271 233
269 233
223 249
293 233
295 243
289 239
287 241
285 243
283 243
281 241
281 241
281 241
279 243
281 245
279 243
281 241
277 243
275 243
277 243
277 245
275 243
279 247
275 241
277 245
275 245
271 261
271 259
273 265
275 263
277 263
277 261
275 261
277 261
277 259
279 259
279 257
277 255
279 257
281 259
275 251
273 251
285 255
287 251
287 249
279 235
271 247
269 247
271 249
265 249
277 249
277 251
277 251
281 255
281 253
279 251
279 251
277 249
277 247
275 245
277 247
277 247
279 249
415 245
