413 131
406 133
371 130
370 125
362 125
334 136
328 139
325 140
317 143
313 149
310 154
308 157
307 164
307 166
307 167
308 172
307 176
307 184
307 188
308 200
316 212
317 214
317 215
326 224
334 232
337 233
359 239
364 239
380 239
382 239
395 236
412 230
416 211
412 211
409 209
409 209
410 208
410 208
413 203
436 206
437 211
437 187
440 182
439 182
437 187
439 191
439 191
440 190
442 173
440 170
436 166
433 164
422 151
422 145
422 145
422 142
424 142
419 137
418 136
412 134
401 130
389 124
383 124
380 122
374 121
373 121
350 124
346 124
344 125
338 127
338 128
337 127
340 128
341 127
343 128
341 128
340 127
335 128
